+--------------------------------------------------------------------------------------------------------------------------------------------------------------------------------------------------------------------+
; Legal Partition Candidates                                                                                                                                                                                         ;
+---------------+-------+----------------+--------------+----------------+--------+-----------------+---------------+-----------------+-------+----------------+--------------+------------------+-------------------+
; Hierarchy     ; Input ; Constant Input ; Unused Input ; Floating Input ; Output ; Constant Output ; Unused Output ; Floating Output ; Bidir ; Constant Bidir ; Unused Bidir ; Input only Bidir ; Output only Bidir ;
+---------------+-------+----------------+--------------+----------------+--------+-----------------+---------------+-----------------+-------+----------------+--------------+------------------+-------------------+
; inst|oit      ; 4     ; 0              ; 0            ; 0              ; 1      ; 0               ; 0             ; 0               ; 0     ; 0              ; 0            ; 0                ; 0                 ;
; inst|set      ; 4     ; 0              ; 0            ; 0              ; 1      ; 0               ; 0             ; 0               ; 0     ; 0              ; 0            ; 0                ; 0                 ;
; inst|decseg   ; 4     ; 0              ; 0            ; 0              ; 1      ; 0               ; 0             ; 0               ; 0     ; 0              ; 0            ; 0                ; 0                 ;
; inst|sext     ; 4     ; 0              ; 0            ; 0              ; 1      ; 0               ; 0             ; 0               ; 0     ; 0              ; 0            ; 0                ; 0                 ;
; inst|quint    ; 4     ; 0              ; 0            ; 0              ; 1      ; 0               ; 0             ; 0               ; 0     ; 0              ; 0            ; 0                ; 0                 ;
; inst|decpri   ; 4     ; 0              ; 0            ; 0              ; 1      ; 0               ; 0             ; 0               ; 0     ; 0              ; 0            ; 0                ; 0                 ;
; inst|decquar  ; 4     ; 0              ; 0            ; 0              ; 1      ; 0               ; 0             ; 0               ; 0     ; 0              ; 0            ; 0                ; 0                 ;
; inst|quar     ; 4     ; 0              ; 0            ; 0              ; 1      ; 0               ; 0             ; 0               ; 0     ; 0              ; 0            ; 0                ; 0                 ;
; inst|ter      ; 4     ; 0              ; 0            ; 0              ; 1      ; 0               ; 0             ; 0               ; 0     ; 0              ; 0            ; 0                ; 0                 ;
; inst|dec      ; 4     ; 0              ; 0            ; 0              ; 1      ; 0               ; 0             ; 0               ; 0     ; 0              ; 0            ; 0                ; 0                 ;
; inst|seg      ; 4     ; 0              ; 0            ; 0              ; 1      ; 0               ; 0             ; 0               ; 0     ; 0              ; 0            ; 0                ; 0                 ;
; inst|inst     ; 4     ; 0              ; 0            ; 0              ; 1      ; 0               ; 0             ; 0               ; 0     ; 0              ; 0            ; 0                ; 0                 ;
; inst|nuno     ; 4     ; 0              ; 0            ; 0              ; 1      ; 0               ; 0             ; 0               ; 0     ; 0              ; 0            ; 0                ; 0                 ;
; inst|decter   ; 4     ; 0              ; 0            ; 0              ; 1      ; 0               ; 0             ; 0               ; 0     ; 0              ; 0            ; 0                ; 0                 ;
; inst|decquint ; 4     ; 0              ; 0            ; 0              ; 1      ; 0               ; 0             ; 0               ; 0     ; 0              ; 0            ; 0                ; 0                 ;
; inst          ; 0     ; 0              ; 0            ; 0              ; 1      ; 0               ; 0             ; 0               ; 0     ; 0              ; 0            ; 0                ; 0                 ;
+---------------+-------+----------------+--------------+----------------+--------+-----------------+---------------+-----------------+-------+----------------+--------------+------------------+-------------------+
